{
 "cells": [
  {
   "cell_type": "markdown",
   "id": "b1a8c19a",
   "metadata": {},
   "source": [
    "# Various utility functions for multi cam marker tracking"
   ]
  },
  {
   "cell_type": "markdown",
   "id": "a97c2372",
   "metadata": {},
   "source": [
    "## mov2png Converter\n",
    "Lazy script to convert .MOV video files into individual frame images saved as .png files"
   ]
  },
  {
   "cell_type": "code",
   "execution_count": null,
   "id": "3e194451",
   "metadata": {},
   "outputs": [],
   "source": [
    "import os\n",
    "import cv2\n",
    "import numpy as np\n",
    "from cv2 import aruco\n",
    "from PIL import Image\n",
    "\n",
    "# image_path = '/Users/E135086/Documents/playground/testPhotos_29062026/'\n",
    "indir = '/Users/E135086/Movies/20260710_caliStream/'\n",
    "inCams = ['builtin', 'othermac', 'logi', 'iphone']\n",
    "camNum = 0\n",
    "outdir = '/Users/E135086/Documents/playground/data_multiview/20260710_caliStream/'\n",
    "\n",
    "for n, cam in enumerate(inCams):\n",
    "    outcamdir = outdir + str(n) + '/'\n",
    "    os.makedirs(outcamdir, exist_ok=True)\n",
    "\n",
    "    cap = cv2.VideoCapture(indir+cam+'.mov')\n",
    "    if not cap.isOpened():\n",
    "        print(\"Error opening video stream or file\")\n",
    "        exit()\n",
    "    else:\n",
    "        print(f\"Processing camera {cam}...\")\n",
    "        frame_count = 0\n",
    "        while True:\n",
    "            ret, frame = cap.read()\n",
    "            frame_count += 1\n",
    "            if not ret:\n",
    "                break\n",
    "            cv2.imwrite(outcamdir+f'{frame_count}.png', frame)\n",
    "\n",
    "\n",
    "cap.release()\n",
    "cv2.destroyAllWindows()"
   ]
  },
  {
   "cell_type": "markdown",
   "id": "1fa628b1",
   "metadata": {},
   "source": [
    "## Reading Solution and Calc Abs Distance"
   ]
  },
  {
   "cell_type": "code",
   "execution_count": null,
   "id": "ba0e5e01",
   "metadata": {},
   "outputs": [
    {
     "name": "stdout",
     "output_type": "stream",
     "text": [
      "Marker 9: distance from root = 0.0000 m\n",
      "Marker 10: distance from root = 0.0503 m\n",
      "Marker 11: distance from root = 0.0502 m\n"
     ]
    }
   ],
   "source": [
    "import yaml, numpy as np\n",
    "\n",
    "indir = '/Users/E135086/Documents/playground/testPhotos_29062026/MOV2PNG/'\n",
    "\n",
    "with open(indir+'final.solution.yaml') as f:\n",
    "    sol = yaml.safe_load(f)\n",
    "\n",
    "for entry in sol['transforms_to_root_marker']:\n",
    "    mid = entry['marker_id']\n",
    "    T   = np.array(entry['transform'])\n",
    "    dist = np.linalg.norm(T[:3, 3])\n",
    "    print(f'Marker {mid}: distance from root = {dist:.4f} m')"
   ]
  },
  {
   "cell_type": "code",
   "execution_count": 9,
   "id": "d8af5eed",
   "metadata": {},
   "outputs": [
    {
     "data": {
      "text/plain": [
       "{'marker_size': 0.04,\n",
       " 'root_marker_to_root_cam': [{'frame_id': 0,\n",
       "   'transform': [[0.9997531911693649,\n",
       "     -0.0009250830971569616,\n",
       "     0.022196868426325234,\n",
       "     0.1770726174708953],\n",
       "    [0.001289480940561738,\n",
       "     -0.9950319433480562,\n",
       "     -0.09954782245681928,\n",
       "     0.09677636005439245],\n",
       "    [0.022178683134401092,\n",
       "     0.0995518756139423,\n",
       "     -0.9947851678006513,\n",
       "     0.5089715156638395],\n",
       "    [0.0, 0.0, 0.0, 1.0]]},\n",
       "  {'frame_id': 1,\n",
       "   'transform': [[0.9998410968154651,\n",
       "     -0.00247619114758321,\n",
       "     0.017653600093145712,\n",
       "     0.17725444914495941],\n",
       "    [-0.000865851117877325,\n",
       "     -0.9958825238258997,\n",
       "     -0.09064904323818299,\n",
       "     0.09682282957345223],\n",
       "    [0.017805376173778364,\n",
       "     0.09061935342716218,\n",
       "     -0.9957264189343142,\n",
       "     0.5095028007663842],\n",
       "    [0.0, 0.0, 0.0, 1.0]]},\n",
       "  {'frame_id': 2,\n",
       "   'transform': [[0.9998410956812701,\n",
       "     -0.0024762240267289753,\n",
       "     0.017653659718233662,\n",
       "     0.17725444860007433],\n",
       "    [-0.0008658803723375075,\n",
       "     -0.9958825335248581,\n",
       "     -0.09064893640462984,\n",
       "     0.09682282884868283],\n",
       "    [0.017805438440502842,\n",
       "     0.09061924593969692,\n",
       "     -0.9957264276031155,\n",
       "     0.509502799897589],\n",
       "    [0.0, 0.0, 0.0, 1.0]]},\n",
       "  {'frame_id': 3,\n",
       "   'transform': [[0.9998410852345432,\n",
       "     -0.002475989033965804,\n",
       "     0.017654284333133118,\n",
       "     0.1772544294515404],\n",
       "    [-0.0008655798281547667,\n",
       "     -0.9958824835883319,\n",
       "     -0.09064948788325837,\n",
       "     0.09682282323435379],\n",
       "    [0.017806039665588753,\n",
       "     0.09061980114875333,\n",
       "     -0.9957263663231922,\n",
       "     0.5095027479902169],\n",
       "    [0.0, 0.0, 0.0, 1.0]]},\n",
       "  {'frame_id': 4,\n",
       "   'transform': [[0.9998411095043818,\n",
       "     -0.002476426246997683,\n",
       "     0.017652848441279928,\n",
       "     0.177254470962213],\n",
       "    [-0.0008661628457964785,\n",
       "     -0.9958825715256794,\n",
       "     -0.09064851622241048,\n",
       "     0.09682283642571043],\n",
       "    [0.01780464846527951,\n",
       "     0.09061882279329848,\n",
       "     -0.9957264802387172,\n",
       "     0.5095028593579225],\n",
       "    [0.0, 0.0, 0.0, 1.0]]},\n",
       "  {'frame_id': 5,\n",
       "   'transform': [[0.9997987864361855,\n",
       "     -0.0022481054186914004,\n",
       "     0.019933205029680576,\n",
       "     0.17723464314002424],\n",
       "    [-0.0003382972529986084,\n",
       "     -0.995448494105604,\n",
       "     -0.09530047816172686,\n",
       "     0.0968146594125291],\n",
       "    [0.020056724450853044,\n",
       "     0.0952745590643778,\n",
       "     -0.9952489568943998,\n",
       "     0.5094713999039048],\n",
       "    [0.0, 0.0, 0.0, 1.0]]},\n",
       "  {'frame_id': 6,\n",
       "   'transform': [[0.9997987880821669,\n",
       "     -0.0022480948483530484,\n",
       "     0.019933123663500307,\n",
       "     0.17723464470455091],\n",
       "    [-0.0003382935099727249,\n",
       "     -0.9954484894801446,\n",
       "     -0.09530052648962312,\n",
       "     0.09681466027671083],\n",
       "    [0.020056642464098967,\n",
       "     0.09527460764154874,\n",
       "     -0.9952489538963687,\n",
       "     0.5094714036535294],\n",
       "    [0.0, 0.0, 0.0, 1.0]]},\n",
       "  {'frame_id': 7,\n",
       "   'transform': [[0.9997987821731584,\n",
       "     -0.0022481142381830053,\n",
       "     0.019933417856479955,\n",
       "     0.17723463870084538],\n",
       "    [-0.0003382870972552662,\n",
       "     -0.9954485005140539,\n",
       "     -0.09530041125914172,\n",
       "     0.09681465723190798],\n",
       "    [0.02005693712680941,\n",
       "     0.09527449189942604,\n",
       "     -0.9952489590380879,\n",
       "     0.509471388960123],\n",
       "    [0.0, 0.0, 0.0, 1.0]]},\n",
       "  {'frame_id': 8,\n",
       "   'transform': [[0.999801937451667,\n",
       "     -0.0011353370757038513,\n",
       "     0.01986949615910795,\n",
       "     0.17709548454488594],\n",
       "    [0.0007568900131831565,\n",
       "     -0.9954801374118879,\n",
       "     -0.09496695812711206,\n",
       "     0.09678622303467925],\n",
       "    [0.019887508275302286,\n",
       "     0.0949631877525878,\n",
       "     -0.9952821107537634,\n",
       "     0.5090116823115762],\n",
       "    [0.0, 0.0, 0.0, 1.0]]},\n",
       "  {'frame_id': 9,\n",
       "   'transform': [[0.9997566282931873,\n",
       "     -0.0007610031011650667,\n",
       "     0.022047790322779717,\n",
       "     0.17700664697381333],\n",
       "    [0.001483174271044227,\n",
       "     -0.9948250467589888,\n",
       "     -0.10159196097653465,\n",
       "     0.09672760500076927],\n",
       "    [0.022011005836148297,\n",
       "     0.10159993708293348,\n",
       "     -0.9945818057891593,\n",
       "     0.5088094901091007],\n",
       "    [0.0, 0.0, 0.0, 1.0]]},\n",
       "  {'frame_id': 10,\n",
       "   'transform': [[0.9997566167128519,\n",
       "     -0.0007607974831099417,\n",
       "     0.022048322522601322,\n",
       "     0.17700662970156314],\n",
       "    [0.0014834435780005605,\n",
       "     -0.9948249974215473,\n",
       "     -0.10159244017331893,\n",
       "     0.09672759989727718],\n",
       "    [0.022011513669483163,\n",
       "     0.10160042171373203,\n",
       "     -0.9945817450433977,\n",
       "     0.5088094429939355],\n",
       "    [0.0, 0.0, 0.0, 1.0]]},\n",
       "  {'frame_id': 11,\n",
       "   'transform': [[0.9997532207959452,\n",
       "     -0.0009255955842314425,\n",
       "     0.022195512630903514,\n",
       "     0.1770726614920142],\n",
       "    [0.001288807067810569,\n",
       "     -0.9950320733153137,\n",
       "     -0.0995465320851012,\n",
       "     0.0967763736196641],\n",
       "    [0.022177386781947684,\n",
       "     0.0995505718046992,\n",
       "     -0.9947853271781211,\n",
       "     0.5089716372636097],\n",
       "    [0.0, 0.0, 0.0, 1.0]]},\n",
       "  {'frame_id': 12,\n",
       "   'transform': [[0.9997531785140495,\n",
       "     -0.0009247814102749945,\n",
       "     0.022197450988754648,\n",
       "     0.17707259669403036],\n",
       "    [0.0012898558718282896,\n",
       "     -0.9950318681712125,\n",
       "     -0.09954856902807165,\n",
       "     0.0967763546727356],\n",
       "    [0.022179231792036104,\n",
       "     0.09955262981483735,\n",
       "     -0.9947850800922101,\n",
       "     0.5089714581955141],\n",
       "    [0.0, 0.0, 0.0, 1.0]]},\n",
       "  {'frame_id': 13,\n",
       "   'transform': [[0.9997566142708256,\n",
       "     -0.0007607622289663022,\n",
       "     0.02204843446974742,\n",
       "     0.17700662625954197],\n",
       "    [0.001483491992104238,\n",
       "     -0.9948249883310614,\n",
       "     -0.10159252848321568,\n",
       "     0.09672759875480419],\n",
       "    [0.022011621322499862,\n",
       "     0.10160051098756642,\n",
       "     -0.9945817335412009,\n",
       "     0.508809433453454],\n",
       "    [0.0, 0.0, 0.0, 1.0]]},\n",
       "  {'frame_id': 14,\n",
       "   'transform': [[0.9997565164661226,\n",
       "     -0.0007591607507888686,\n",
       "     0.022052924034638613,\n",
       "     0.1770064844458858],\n",
       "    [0.0014856245408934776,\n",
       "     -0.9948246040517066,\n",
       "     -0.10159626023180532,\n",
       "     0.09672755538330334],\n",
       "    [0.022015919314136642,\n",
       "     0.10160428558047968,\n",
       "     -0.9945812528136823,\n",
       "     0.5088090467029748],\n",
       "    [0.0, 0.0, 0.0, 1.0]]},\n",
       "  {'frame_id': 15,\n",
       "   'transform': [[0.9997565628762782,\n",
       "     -0.0007599162326063203,\n",
       "     0.022050793934234068,\n",
       "     0.17700655152058783],\n",
       "    [0.001484617233308251,\n",
       "     -0.9948247855896319,\n",
       "     -0.10159449733235305,\n",
       "     0.09672757594972886],\n",
       "    [0.0220138796553719,\n",
       "     0.1016025024488194,\n",
       "     -0.994581480120486,\n",
       "     0.5088092296845668],\n",
       "    [0.0, 0.0, 0.0, 1.0]]},\n",
       "  {'frame_id': 16,\n",
       "   'transform': [[0.9997566401471483,\n",
       "     -0.0007612431147739204,\n",
       "     0.022047244512775434,\n",
       "     0.17700666535008397],\n",
       "    [0.0014828671918154027,\n",
       "     -0.9948251061354414,\n",
       "     -0.10159138402197013,\n",
       "     0.09672761014614789],\n",
       "    [0.022010488104022924,\n",
       "     0.10159935389326144,\n",
       "     -0.994581876821559,\n",
       "     0.5088095406586227],\n",
       "    [0.0, 0.0, 0.0, 1.0]]},\n",
       "  {'frame_id': 17,\n",
       "   'transform': [[0.9997566158415936,\n",
       "     -0.0007608670041799903,\n",
       "     0.022048359629823315,\n",
       "     0.1770066307893398],\n",
       "    [0.0014833736050254092,\n",
       "     -0.9948250185983321,\n",
       "     -0.10159223382511172,\n",
       "     0.09672759945193359],\n",
       "    [0.02201155795740016,\n",
       "     0.10160021383949057,\n",
       "     -0.994581765298388,\n",
       "     0.5088094470323172],\n",
       "    [0.0, 0.0, 0.0, 1.0]]},\n",
       "  {'frame_id': 18,\n",
       "   'transform': [[0.9997566574149144,\n",
       "     -0.0007615607321752257,\n",
       "     0.022046450503598797,\n",
       "     0.17700669128089208],\n",
       "    [0.0014824535076732668,\n",
       "     -0.9948251848462039,\n",
       "     -0.1015906192879741,\n",
       "     0.09672761776562609],\n",
       "    [0.02200973162385244,\n",
       "     0.10159858080193697,\n",
       "     -0.9945819725356368,\n",
       "     0.5088096119047989],\n",
       "    [0.0, 0.0, 0.0, 1.0]]},\n",
       "  {'frame_id': 19,\n",
       "   'transform': [[0.9998025874141745,\n",
       "     -0.002077697792423131,\n",
       "     0.019760297867307267,\n",
       "     0.17716967482849147],\n",
       "    [-0.00014373863451300336,\n",
       "     -0.9952479739741646,\n",
       "     -0.09737273560666386,\n",
       "     0.09676654044001036],\n",
       "    [0.019868707535375733,\n",
       "     0.09735067268490587,\n",
       "     -0.9950517981435287,\n",
       "     0.5093122335194692],\n",
       "    [0.0, 0.0, 0.0, 1.0]]},\n",
       "  {'frame_id': 20,\n",
       "   'transform': [[0.9998026050348954,\n",
       "     -0.0020779127971140687,\n",
       "     0.019759383690889875,\n",
       "     0.17716970031743876],\n",
       "    [-0.00014405048577985336,\n",
       "     -0.9952480170261387,\n",
       "     -0.09737229511003666,\n",
       "     0.09676654925835372],\n",
       "    [0.019867818574110286,\n",
       "     0.0973502279604219,\n",
       "     -0.9950518594028956,\n",
       "     0.5093123014258241],\n",
       "    [0.0, 0.0, 0.0, 1.0]]},\n",
       "  {'frame_id': 21,\n",
       "   'transform': [[0.9998025889641567,\n",
       "     -0.0020776033536926636,\n",
       "     0.019760229373008985,\n",
       "     0.1771696738596214],\n",
       "    [-0.0001436455975048971,\n",
       "     -0.9952479460627927,\n",
       "     -0.09737302102602564,\n",
       "     0.09676654128409805],\n",
       "    [0.01986863021225972,\n",
       "     0.09735096004712661,\n",
       "     -0.9950517715734147,\n",
       "     0.5093122293052196],\n",
       "    [0.0, 0.0, 0.0, 1.0]]},\n",
       "  {'frame_id': 22,\n",
       "   'transform': [[0.9998025919682085,\n",
       "     -0.0020777510046436055,\n",
       "     0.01976006185250485,\n",
       "     0.17716968140086642],\n",
       "    [-0.00014381676420991167,\n",
       "     -0.9952479846182841,\n",
       "     -0.0973726266975581,\n",
       "     0.09676654274737159],\n",
       "    [0.019868477807583728,\n",
       "     0.09735056273081515,\n",
       "     -0.9950518134879225,\n",
       "     0.5093122510371328],\n",
       "    [0.0, 0.0, 0.0, 1.0]]},\n",
       "  {'frame_id': 23,\n",
       "   'transform': [[0.9998549017534639,\n",
       "     -0.0024022130700806148,\n",
       "     0.016864305853973503,\n",
       "     0.17738547442302935],\n",
       "    [-0.000771492781016132,\n",
       "     -0.9953767288481425,\n",
       "     -0.09604463788499608,\n",
       "     0.09688335800864117],\n",
       "    [0.017017057279661223,\n",
       "     0.0960176912862266,\n",
       "     -0.9952341547201862,\n",
       "     0.5098967572382553],\n",
       "    [0.0, 0.0, 0.0, 1.0]]},\n",
       "  {'frame_id': 24,\n",
       "   'transform': [[0.9998511434802928,\n",
       "     -0.0025796057685865065,\n",
       "     0.017059792355972034,\n",
       "     0.17744996858761505],\n",
       "    [-0.0009657193160495497,\n",
       "     -0.9955772573184912,\n",
       "     -0.09394142907361601,\n",
       "     0.09693123677880164],\n",
       "    [0.01722667313652916,\n",
       "     0.09391097030842187,\n",
       "     -0.995431550327986,\n",
       "     0.5100546988276383],\n",
       "    [0.0, 0.0, 0.0, 1.0]]},\n",
       "  {'frame_id': 25,\n",
       "   'transform': [[0.9997658428431934,\n",
       "     -0.0018367488870180953,\n",
       "     0.02156121141229386,\n",
       "     0.17715752112516886],\n",
       "    [0.0002594250658569862,\n",
       "     -0.9953021986259972,\n",
       "     -0.09681666235153533,\n",
       "     0.0967564970987818],\n",
       "    [0.021637749020515008,\n",
       "     0.09679958555583815,\n",
       "     -0.9950686649943024,\n",
       "     0.5092377134859472],\n",
       "    [0.0, 0.0, 0.0, 1.0]]},\n",
       "  {'frame_id': 26,\n",
       "   'transform': [[0.9997658462618644,\n",
       "     -0.001836862910672245,\n",
       "     0.021561043178471698,\n",
       "     0.17715752779385657],\n",
       "    [0.000259288782055016,\n",
       "     -0.9953022276341116,\n",
       "     -0.09681636450467743,\n",
       "     0.09675649861653561],\n",
       "    [0.021637592694752912,\n",
       "     0.0967992851276416,\n",
       "     -0.9950686976189902,\n",
       "     0.5092377323656461],\n",
       "    [0.0, 0.0, 0.0, 1.0]]},\n",
       "  {'frame_id': 27,\n",
       "   'transform': [[0.9997658478129522,\n",
       "     -0.0018367876638317598,\n",
       "     0.021560977666301474,\n",
       "     0.17715752732663295],\n",
       "    [0.0002593624081305095,\n",
       "     -0.9953022049807891,\n",
       "     -0.09681659719036058,\n",
       "     0.09675649942049072],\n",
       "    [0.02163752014418483,\n",
       "     0.09679951947947511,\n",
       "     -0.9950686763990477,\n",
       "     0.5092377297508954],\n",
       "    [0.0, 0.0, 0.0, 1.0]]},\n",
       "  {'frame_id': 28,\n",
       "   'transform': [[0.999715838103755,\n",
       "     -0.0005249206539874358,\n",
       "     0.023832068790079954,\n",
       "     0.17699456656446988],\n",
       "    [0.0018859027879677016,\n",
       "     -0.9948822431942927,\n",
       "     -0.10102358906397299,\n",
       "     0.09671768948402082],\n",
       "    [0.02376313142627506,\n",
       "     0.10103982697431327,\n",
       "     -0.9945985456202007,\n",
       "     0.5087352197575251],\n",
       "    [0.0, 0.0, 0.0, 1.0]]},\n",
       "  {'frame_id': 29,\n",
       "   'transform': [[0.999753731909294,\n",
       "     -0.0002829549431403209,\n",
       "     0.022189985803037195,\n",
       "     0.17689655339735075],\n",
       "    [0.0019457327595088273,\n",
       "     -0.9949502297052971,\n",
       "     -0.10035065786234286,\n",
       "     0.09668880263603258],\n",
       "    [0.02210632618657867,\n",
       "     0.10036912047974005,\n",
       "     -0.9947046546571781,\n",
       "     0.5085071923335321],\n",
       "    [0.0, 0.0, 0.0, 1.0]]},\n",
       "  {'frame_id': 30,\n",
       "   'transform': [[0.999715841075947,\n",
       "     -0.0005249612325484743,\n",
       "     0.023831943217407513,\n",
       "     0.17699457045430372],\n",
       "    [0.0018858474676585876,\n",
       "     -0.9948822528315657,\n",
       "     -0.10102349518858132,\n",
       "     0.09671769072045434],\n",
       "    [0.02376301077603889,\n",
       "     0.10103973187065031,\n",
       "     -0.9945985581642299,\n",
       "     0.5087352303671234],\n",
       "    [0.0, 0.0, 0.0, 1.0]]},\n",
       "  {'frame_id': 31,\n",
       "   'transform': [[0.9997158502457003,\n",
       "     -0.0005250527160837205,\n",
       "     0.023831556540885653,\n",
       "     0.17699458154314304],\n",
       "    [0.0018857129011940537,\n",
       "     -0.994882271928816,\n",
       "     -0.10102330963006396,\n",
       "     0.09671769455560422],\n",
       "    [0.02376263567810538,\n",
       "     0.10103954335507874,\n",
       "     -0.99459858627701,\n",
       "     0.5087352599109205],\n",
       "    [0.0, 0.0, 0.0, 1.0]]},\n",
       "  {'frame_id': 32,\n",
       "   'transform': [[0.9997158181681219,\n",
       "     -0.0005246538478180309,\n",
       "     0.023832910917087072,\n",
       "     0.17699454063938624],\n",
       "    [0.0018862677806389073,\n",
       "     -0.9948821815597836,\n",
       "     -0.10102418922567796,\n",
       "     0.09671768123374887],\n",
       "    [0.023763941135711515,\n",
       "     0.10104043523850159,\n",
       "     -0.9945984644812763,\n",
       "     0.5087351495361655],\n",
       "    [0.0, 0.0, 0.0, 1.0]]},\n",
       "  {'frame_id': 33,\n",
       "   'transform': [[0.9997158424348223,\n",
       "     -0.0005250259478981682,\n",
       "     0.023831884788812038,\n",
       "     0.1769945734067006],\n",
       "    [0.0018857730695062574,\n",
       "     -0.9948822703500262,\n",
       "     -0.10102332405493157,\n",
       "     0.09671769117788138],\n",
       "    [0.023762959511885336,\n",
       "     0.10103955903967231,\n",
       "     -0.9945985769466519,\n",
       "     0.5087352388804403],\n",
       "    [0.0, 0.0, 0.0, 1.0]]},\n",
       "  {'frame_id': 34,\n",
       "   'transform': [[0.9997158251911488,\n",
       "     -0.000524704630351116,\n",
       "     0.023832615203332012,\n",
       "     0.17699454869350767],\n",
       "    [0.0018861852613343412,\n",
       "     -0.9948821905827404,\n",
       "     -0.10102410190864222,\n",
       "     0.0967176842355848],\n",
       "    [0.023763652234855,\n",
       "     0.10104034613132862,\n",
       "     -0.9945984804362624,\n",
       "     0.5087351707768026],\n",
       "    [0.0, 0.0, 0.0, 1.0]]},\n",
       "  {'frame_id': 35,\n",
       "   'transform': [[0.9997158152661961,\n",
       "     -0.0005246173845832497,\n",
       "     0.023833033446160196,\n",
       "     0.1769945369495328],\n",
       "    [0.0018863183841601595,\n",
       "     -0.9948821732651276,\n",
       "     -0.10102426996623258,\n",
       "     0.09671768004354948],\n",
       "    [0.023764059198705445,\n",
       "     0.10104051710010424,\n",
       "     -0.9945984533441343,\n",
       "     0.5087351395952763],\n",
       "    [0.0, 0.0, 0.0, 1.0]]},\n",
       "  {'frame_id': 36,\n",
       "   'transform': [[0.9997158053772583,\n",
       "     -0.0005243611478495584,\n",
       "     0.02383345388915426,\n",
       "     0.1769945208862995],\n",
       "    [0.0018866314410052852,\n",
       "     -0.9948821065731387,\n",
       "     -0.10102492089776478,\n",
       "     0.0967176761877028],\n",
       "    [0.02376445035563892,\n",
       "     0.10104117510193776,\n",
       "     -0.9945983771519606,\n",
       "     0.5087350945320714],\n",
       "    [0.0, 0.0, 0.0, 1.0]]},\n",
       "  {'frame_id': 37,\n",
       "   'transform': [[0.9997158287376866,\n",
       "     -0.0005248298460076489,\n",
       "     0.023832463677779178,\n",
       "     0.17699455535514091],\n",
       "    [0.0018860374209833243,\n",
       "     -0.9948822244856774,\n",
       "     -0.10102377079319877,\n",
       "     0.09671768558890434],\n",
       "    [0.023763514768791565,\n",
       "     0.10104001165905935,\n",
       "     -0.9945985176993632,\n",
       "     0.5087351899036403],\n",
       "    [0.0, 0.0, 0.0, 1.0]]},\n",
       "  {'frame_id': 38,\n",
       "   'transform': [[0.9997158423234228,\n",
       "     -0.0005249699463543031,\n",
       "     0.023831890695570516,\n",
       "     0.17699457188795245],\n",
       "    [0.0018858331486969657,\n",
       "     -0.9948822542929933,\n",
       "     -0.10102348106369682,\n",
       "     0.09671769125294681],\n",
       "    [0.023762959430707938,\n",
       "     0.1010397174355078,\n",
       "     -0.9945985608574182,\n",
       "     0.5087352340973843],\n",
       "    [0.0, 0.0, 0.0, 1.0]]},\n",
       "  {'frame_id': 39,\n",
       "   'transform': [[0.9997158287455944,\n",
       "     -0.0005248299482927954,\n",
       "     0.023832463343848847,\n",
       "     0.17699455536304223],\n",
       "    [0.001886037294835238,\n",
       "     -0.9948822244459578,\n",
       "     -0.10102377118671262,\n",
       "     0.09671768558876569],\n",
       "    [0.02376351444616336,\n",
       "     0.10104001204962394,\n",
       "     -0.9945985176673946,\n",
       "     0.5087351899126145],\n",
       "    [0.0, 0.0, 0.0, 1.0]]},\n",
       "  {'frame_id': 40,\n",
       "   'transform': [[0.9997158350692051,\n",
       "     -0.0005248775354003309,\n",
       "     0.02383219703369863,\n",
       "     0.17699456249954293],\n",
       "    [0.0018859611580050555,\n",
       "     -0.9948822324804957,\n",
       "     -0.10102369348393232,\n",
       "     0.09671768818742696],\n",
       "    [0.02376325445705402,\n",
       "     0.10103993269098037,\n",
       "     -0.9945985319411101,\n",
       "     0.5087352085994513],\n",
       "    [0.0, 0.0, 0.0, 1.0]]},\n",
       "  {'frame_id': 41,\n",
       "   'transform': [[0.9997158571992398,\n",
       "     -0.0005252392892911412,\n",
       "     0.023831260732062844,\n",
       "     0.17699459306910525],\n",
       "    [0.0018854857744874933,\n",
       "     -0.9948823214495344,\n",
       "     -0.10102282618586485,\n",
       "     0.09671769730877312],\n",
       "    [0.02376236115761186,\n",
       "     0.10103905478019003,\n",
       "     -0.994598642469082,\n",
       "     0.508735292493458],\n",
       "    [0.0, 0.0, 0.0, 1.0]]},\n",
       "  {'frame_id': 42,\n",
       "   'transform': [[0.9998498501846121,\n",
       "     -0.001309162744174048,\n",
       "     0.017278980835603964,\n",
       "     0.17723643321222698],\n",
       "    [0.0004409211564781125,\n",
       "     -0.9948971318973614,\n",
       "     -0.10089352075796604,\n",
       "     0.09685526013711779],\n",
       "    [0.017322894513956733,\n",
       "     0.10088599028266323,\n",
       "     -0.9947471710391262,\n",
       "     0.5094733021180278],\n",
       "    [0.0, 0.0, 0.0, 1.0]]},\n",
       "  {'frame_id': 43,\n",
       "   'transform': [[0.9997158615740681,\n",
       "     -0.0005252753241042584,\n",
       "     0.023831076414080936,\n",
       "     0.17699459814207624],\n",
       "    [0.0018854298442088433,\n",
       "     -0.9948823276578378,\n",
       "     -0.10102276608975493,\n",
       "     0.09671769911920661],\n",
       "    [0.023762181539632346,\n",
       "     0.10103899346270558,\n",
       "     -0.9945986529894966,\n",
       "     0.5087353057826406],\n",
       "    [0.0, 0.0, 0.0, 1.0]]},\n",
       "  {'frame_id': 44,\n",
       "   'transform': [[0.999715771074777,\n",
       "     -0.0005239541718752107,\n",
       "     0.023834901644227285,\n",
       "     0.17699447782100117],\n",
       "    [0.001887203781343852,\n",
       "     -0.9948820163898755,\n",
       "     -0.1010257983185634,\n",
       "     0.09671766201234394],\n",
       "    [0.02376584789675924,\n",
       "     0.10104206518099845,\n",
       "     -0.9945982533353389,\n",
       "     0.5087349787172138],\n",
       "    [0.0, 0.0, 0.0, 1.0]]},\n",
       "  {'frame_id': 45,\n",
       "   'transform': [[0.9997122444647836,\n",
       "     -0.0006864817735378876,\n",
       "     0.023978261195529794,\n",
       "     0.1770604895352397],\n",
       "    [0.001690891518277884,\n",
       "     -0.9950873805875357,\n",
       "     -0.09898608933234238,\n",
       "     0.09676637636118628],\n",
       "    [0.023928417270263937,\n",
       "     0.09899815017570607,\n",
       "     -0.9947998779195384,\n",
       "     0.5088971015514746],\n",
       "    [0.0, 0.0, 0.0, 1.0]]},\n",
       "  {'frame_id': 46,\n",
       "   'transform': [[0.9998465330982184,\n",
       "     -0.0014821540196564918,\n",
       "     0.017456043965789106,\n",
       "     0.1773019227912798],\n",
       "    [0.0002500282859109774,\n",
       "     -0.9951059537041178,\n",
       "     -0.09881335126628572,\n",
       "     0.09690383553325913],\n",
       "    [0.017517069884252633,\n",
       "     0.09880255119216376,\n",
       "     -0.9949528672960293,\n",
       "     0.5096341027240777],\n",
       "    [0.0, 0.0, 0.0, 1.0]]},\n",
       "  {'frame_id': 47,\n",
       "   'transform': [[0.9997158127380302,\n",
       "     -0.0005245766045582248,\n",
       "     0.023833140391610545,\n",
       "     0.17699453358705103],\n",
       "    [0.0018863719097931045,\n",
       "     -0.994882164107931,\n",
       "     -0.10102435914638509,\n",
       "     0.09671767908653467],\n",
       "    [0.02376416130559232,\n",
       "     0.10104060747692388,\n",
       "     -0.9945984417231589,\n",
       "     0.508735130542778],\n",
       "    [0.0, 0.0, 0.0, 1.0]]},\n",
       "  {'frame_id': 48,\n",
       "   'transform': [[0.9997157830499854,\n",
       "     -0.0005241243819123509,\n",
       "     0.023834395616148696,\n",
       "     0.17699449359728986],\n",
       "    [0.0018869740701798184,\n",
       "     -0.9948820557739616,\n",
       "     -0.10102541476200148,\n",
       "     0.09671766689465787],\n",
       "    [0.023765362391793485,\n",
       "     0.10104167651324993,\n",
       "     -0.9945983044213269,\n",
       "     0.5087350214516942],\n",
       "    [0.0, 0.0, 0.0, 1.0]]},\n",
       "  {'frame_id': 49,\n",
       "   'transform': [[0.9997158111640622,\n",
       "     -0.0005244984435287247,\n",
       "     0.023833208134111546,\n",
       "     0.17699452999031381],\n",
       "    [0.0018864616154398682,\n",
       "     -0.9948821423743136,\n",
       "     -0.10102457150252807,\n",
       "     0.0967176785011837],\n",
       "    [0.023764220398629046,\n",
       "     0.10104082187946943,\n",
       "     -0.9945984185301959,\n",
       "     0.5087351200164227],\n",
       "    [0.0, 0.0, 0.0, 1.0]]},\n",
       "  {'frame_id': 50,\n",
       "   'transform': [[0.999765813104293,\n",
       "     -0.0018362097436550773,\n",
       "     0.021562636241643358,\n",
       "     0.17715747603176302],\n",
       "    [0.00026012731721394356,\n",
       "     -0.9953020753085725,\n",
       "     -0.09681792819631829,\n",
       "     0.09675648376655195],\n",
       "    [0.021639114623546053,\n",
       "     0.0968008637369828,\n",
       "     -0.9950685109569507,\n",
       "     0.5092375905991228],\n",
       "    [0.0, 0.0, 0.0, 1.0]]},\n",
       "  {'frame_id': 51,\n",
       "   'transform': [[0.9997658248112774,\n",
       "     -0.0018364478115671938,\n",
       "     0.021562073157779683,\n",
       "     0.17715749450511317],\n",
       "    [0.0002598233336479353,\n",
       "     -0.9953021310621781,\n",
       "     -0.0968173558558694,\n",
       "     0.09675648899863074],\n",
       "    [0.021638577385339943,\n",
       "     0.09680028596301846,\n",
       "     -0.9950685788458082,\n",
       "     0.5092376413002024],\n",
       "    [0.0, 0.0, 0.0, 1.0]]},\n",
       "  {'frame_id': 52,\n",
       "   'transform': [[0.9997658722221111,\n",
       "     -0.0018372576116787447,\n",
       "     0.02155980576047984,\n",
       "     0.17715756511989697],\n",
       "    [0.00025875667769406695,\n",
       "     -0.9953023142398908,\n",
       "     -0.09681547558990426,\n",
       "     0.09675651035748188],\n",
       "    [0.021636399537423967,\n",
       "     0.09679838714144946,\n",
       "     -0.9950688109180545,\n",
       "     0.5092378331364279],\n",
       "    [0.0, 0.0, 0.0, 1.0]]},\n",
       "  {'frame_id': 53,\n",
       "   'transform': [[0.9995945295613493,\n",
       "     -0.00022427853727963122,\n",
       "     0.028473253592842494,\n",
       "     0.1769467105124202],\n",
       "    [0.002551222523584095,\n",
       "     -0.9952416872899154,\n",
       "     -0.09740367110103018,\n",
       "     0.09672779558849774],\n",
       "    [0.02835961450125441,\n",
       "     0.09743681839766846,\n",
       "     -0.9948375740219506,\n",
       "     0.5087955824494572],\n",
       "    [0.0, 0.0, 0.0, 1.0]]},\n",
       "  {'frame_id': 54,\n",
       "   'transform': [[0.9997658992185012,\n",
       "     -0.0018377540977577915,\n",
       "     0.021558511537159944,\n",
       "     0.17715760639123404],\n",
       "    [0.0002581115560400019,\n",
       "     -0.9953024285561552,\n",
       "     -0.09681430208726428,\n",
       "     0.09675652255102353],\n",
       "    [0.021635159769373614,\n",
       "     0.09679720228444415,\n",
       "     -0.9950689531342328,\n",
       "     0.5092379458373149],\n",
       "    [0.0, 0.0, 0.0, 1.0]]},\n",
       "  {'frame_id': 55,\n",
       "   'transform': [[0.9995944833342064,\n",
       "     -0.00022373759529959077,\n",
       "     0.028474880672424704,\n",
       "     0.17694665955308506],\n",
       "    [0.0025519543053590596,\n",
       "     -0.9952415668742169,\n",
       "     -0.0974048822953803,\n",
       "     0.09672777978436956],\n",
       "    [0.028361177991115528,\n",
       "     0.09743804958660646,\n",
       "     -0.9948374088642397,\n",
       "     0.508795444697352],\n",
       "    [0.0, 0.0, 0.0, 1.0]]},\n",
       "  {'frame_id': 56,\n",
       "   'transform': [[0.9997658156197551,\n",
       "     -0.0018363522956568966,\n",
       "     0.021562507470407857,\n",
       "     0.1771574824856795],\n",
       "    [0.0002599645553256504,\n",
       "     -0.9953021128154407,\n",
       "     -0.0968175430567715,\n",
       "     0.09675648477167959],\n",
       "    [0.021639000360347823,\n",
       "     0.09680047538812019,\n",
       "     -0.995068551220487,\n",
       "     0.5092376093887351],\n",
       "    [0.0, 0.0, 0.0, 1.0]]},\n",
       "  {'frame_id': 57,\n",
       "   'transform': [[0.9996909151412948,\n",
       "     -0.002330271806102267,\n",
       "     0.024751646758729543,\n",
       "     0.17714013698301517],\n",
       "    [3.8041665494732615e-05,\n",
       "     -0.9954529511123441,\n",
       "     -0.09525450474679198,\n",
       "     0.096729356730118],\n",
       "    [0.024861068697683297,\n",
       "     0.09522600461551778,\n",
       "     -0.995145183030182,\n",
       "     0.5093004200078567],\n",
       "    [0.0, 0.0, 0.0, 1.0]]},\n",
       "  {'frame_id': 58,\n",
       "   'transform': [[0.9998305331352697,\n",
       "     -0.0022568377470186295,\n",
       "     0.018270514328454137,\n",
       "     0.17717557548475626],\n",
       "    [-0.00046828203286148956,\n",
       "     -0.9952539022599516,\n",
       "     -0.0973111029034018,\n",
       "     0.09677731884499695],\n",
       "    [0.01840341605192675,\n",
       "     0.09728605614229814,\n",
       "     -0.9950862965380929,\n",
       "     0.5093848298498166],\n",
       "    [0.0, 0.0, 0.0, 1.0]]},\n",
       "  {'frame_id': 59,\n",
       "   'transform': [[0.9999159867863684,\n",
       "     -0.0011055732918639097,\n",
       "     0.012914994260143286,\n",
       "     0.1770673469607599],\n",
       "    [0.00019266652861142604,\n",
       "     -0.9949782911781911,\n",
       "     -0.10009077361942685,\n",
       "     0.09671583533806671],\n",
       "    [0.012960796605609148,\n",
       "     0.10008485295899135,\n",
       "     -0.9948944868474873,\n",
       "     0.5091468091206077],\n",
       "    [0.0, 0.0, 0.0, 1.0]]},\n",
       "  {'frame_id': 60,\n",
       "   'transform': [[0.9997688354517882,\n",
       "     -0.002336823168190288,\n",
       "     0.021373228975885446,\n",
       "     0.17705290528605494],\n",
       "    [-0.0002937989276493979,\n",
       "     -0.9954680929156534,\n",
       "     -0.09509568691093279,\n",
       "     0.09670996772584438],\n",
       "    [0.021498589292442704,\n",
       "     0.09506742472767762,\n",
       "     -0.9952386625398363,\n",
       "     0.5091433325922178],\n",
       "    [0.0, 0.0, 0.0, 1.0]]},\n",
       "  {'frame_id': 61,\n",
       "   'transform': [[0.9997326993435346,\n",
       "     -0.0025718144286818916,\n",
       "     0.022976414729739117,\n",
       "     0.17715223636418248],\n",
       "    [-0.00035860403968556906,\n",
       "     -0.9953991425377274,\n",
       "     -0.09581450014637494,\n",
       "     0.09673938729127508],\n",
       "    [0.023117120634526915,\n",
       "     0.0957806494324474,\n",
       "     -0.995133993956526,\n",
       "     0.5093746523352588],\n",
       "    [0.0, 0.0, 0.0, 1.0]]},\n",
       "  {'frame_id': 62,\n",
       "   'transform': [[0.999732688321836,\n",
       "     -0.002571743954072875,\n",
       "     0.022976902180870968,\n",
       "     0.1771522237123922],\n",
       "    [-0.000358484730540004,\n",
       "     -0.9953991325254967,\n",
       "     -0.0958146046079956,\n",
       "     0.09673938243885426],\n",
       "    [0.023117599129074653,\n",
       "     0.09578075537665826,\n",
       "     -0.9951339726438768,\n",
       "     0.5093746193357976],\n",
       "    [0.0, 0.0, 0.0, 1.0]]},\n",
       "  {'frame_id': 63,\n",
       "   'transform': [[0.9997327001918278,\n",
       "     -0.0025719016481066627,\n",
       "     0.022976368056519,\n",
       "     0.17715223958198958],\n",
       "    [-0.0003587009602877859,\n",
       "     -0.9953991657340004,\n",
       "     -0.09581425880147969,\n",
       "     0.09673938756466251],\n",
       "    [0.02311708244517999,\n",
       "     0.09578040602319614,\n",
       "     -0.9951340182715364,\n",
       "     0.5093746620020255],\n",
       "    [0.0, 0.0, 0.0, 1.0]]},\n",
       "  {'frame_id': 64,\n",
       "   'transform': [[0.9997327091371111,\n",
       "     -0.0025720340683214396,\n",
       "     0.022975964008601107,\n",
       "     0.1771522518895273],\n",
       "    [-0.0003588785535268838,\n",
       "     -0.9953991947856453,\n",
       "     -0.09581395632303669,\n",
       "     0.09673939140497641],\n",
       "    [0.023116692833469024,\n",
       "     0.09578010054724498,\n",
       "     -0.9951340567238178,\n",
       "     0.5093746952981202],\n",
       "    [0.0, 0.0, 0.0, 1.0]]},\n",
       "  {'frame_id': 65,\n",
       "   'transform': [[0.9997658090877717,\n",
       "     -0.0018362305010981347,\n",
       "     0.021562820701862356,\n",
       "     0.17715747251643688],\n",
       "    [0.0002601225206343437,\n",
       "     -0.9953020842386067,\n",
       "     -0.09681783640714083,\n",
       "     0.09675648184172879],\n",
       "    [0.021639300250888102,\n",
       "     0.0968007715249856,\n",
       "     -0.9950685158906494,\n",
       "     0.509237582099998],\n",
       "    [0.0, 0.0, 0.0, 1.0]]},\n",
       "  {'frame_id': 66,\n",
       "   'transform': [[0.9996908858423734,\n",
       "     -0.0023298671605868964,\n",
       "     0.024752868171287648,\n",
       "     0.17714009946849318],\n",
       "    [3.858378045225189e-05,\n",
       "     -0.9954528637544858,\n",
       "     -0.09525541745373273,\n",
       "     0.09672934511547844],\n",
       "    [0.024862245976238997,\n",
       "     0.0952269277148382,\n",
       "     -0.9951450652859662,\n",
       "     0.5093003186932902],\n",
       "    [0.0, 0.0, 0.0, 1.0]]},\n",
       "  {'frame_id': 67,\n",
       "   'transform': [[0.9997658030946943,\n",
       "     -0.0018360447574690682,\n",
       "     0.021563114387046195,\n",
       "     0.1771574613267598],\n",
       "    [0.0002603461584125773,\n",
       "     -0.995302038191757,\n",
       "     -0.0968183091734832,\n",
